0.004676729
0.0046767294
0.00467673
0.0046767304
0.004676731
0.0046767313
0.0060452055
0.006045206
0.0060452064
0.006045207
0.0060452074
0.006045208
0.0074027344
0.007402735
0.0074027353
0.0074027358
0.007402736
0.008749532
0.0087495325
0.008749533
0.010085806
0.010085807
0.010085808
0.011411762
0.011411763
0.011411764
0.012727596
0.012727597
0.014033498
0.014033499
0.0140335
0.015329655
0.015329656
0.015329657
0.016616246
0.016616248
0.017893447
0.019161424
0.020420345
0.021670368
0.02291165
0.02414434
0.024144342
0.02536859
0.026584538
0.027792323
0.027792325
0.028992087
0.030183954
0.03136806
0.032544523
0.034875017
0.036029283
0.038316417
0.0394495
0.048276022
0.049350984
0.05041994
0.051482975
0.05254017
0.054637346
0.05567749
0.058765005
0.059783448
0.060796637
0.06180465
0.06380538
0.06676921
0.06968977
0.070653945
0.0735192
0.07446537
0.076344654
0.07820685
0.08459541
0.08638528
0.08816001
0.08991992
0.09166531
0.09253266
0.093396485
0.09596721
0.09850751
0.102676116
0.10432145
0.105954506
0.1067665
0.107575506
0.11078223
0.11157671
0.1139433
0.11706031
0.11860277
0.1208969
0.12241354
0.12316809
0.12392015
0.13491601
0.13987514
0.14335474
0.15613522
0.15678959
0.16450933
0.16514191
0.16640228
0.168281
0.16890413
0.17076428
0.1713813
0.1719968
0.17444396
0.17505208
0.17686775
0.17747012
0.1786706
0.17926873
0.17986548
0.18223868
0.18341714
0.18517481
0.19037758
0.19208907
0.19659935
0.197715
0.2021314
0.20431255
0.20593686
0.20647614
0.20968936
0.21022122
0.2170426
0.21756035
0.21807714
0.21859296
0.22420442
0.22621721
0.2272182
0.22771735
0.23118684
0.231679
0.23266079
0.24087174
0.24418545
0.24792656
0.24885435
0.2557204
0.25662386
0.2633133
0.26419395
0.27157694
0.27414015
0.27710348
0.27878398
0.2833584
0.28786594
0.29029727
0.2911035
0.29311007
0.29589784
0.29708508
0.30372977
0.308338
0.3090996
0.31061748
0.31212822
0.3125048
0.31325665
0.31363192
0.31661853
0.31698993
0.3173609
0.3184713
0.32287553
0.32360384
0.3246933
0.328299
0.33044368
0.33434
0.3371454
0.33958098
0.3457643
0.34644443
0.34746206
0.3488142
0.35183704
0.35383755
0.35681665
0.3574752
0.35878852
0.3607492
0.36172542
0.36334637
0.3659243
0.36688614
0.36975592
0.3710239
0.37480068
0.37729633
0.37946573
0.37977457
0.38100725
0.3843754
0.3852885
0.38589597
0.3877122
0.39900824
0.40076026
0.40768608
0.40797186
0.40882787
0.40939745
0.4102502
0.410534
0.41166708
0.41336027
0.41364172
0.415326
0.41755998
0.42226356
0.4228131
0.42826495
0.429346
0.43149894
0.4328384
0.43337288
0.4365642
0.43788615
0.44104046
0.44182503
0.4423472
0.44649947
0.44804522
0.45086333
0.45137355
0.4531541
0.4534078
0.45416793
0.45442098
0.4559359
0.45643958
0.45694262
0.45744503
0.4589484
0.45919842
0.45969796
0.46019688
0.46069518
0.4609441
0.4616899
0.4624343
0.4629298
0.46416584
0.46539807
0.46564406
0.4658899
0.4661356
0.46711683
0.4678512
0.4685842
0.4693159
0.4705324
0.47077525
0.47174522
0.47247118
0.47319582
0.47608146
0.47727776
0.4775166
0.47799385
0.47823226
0.47847053
0.47942224
0.47989726
0.482028
0.48273578
0.48320696
0.48344234
0.48414767
0.4843825
0.4855547
0.48578873
0.48858678
0.4888191
0.48928332
0.48951524
0.49182728
0.49205777
0.49251837
0.49274847
0.49297845
0.49732393
0.49755138
0.498233
0.5045415
0.50788236
0.5094324
0.5125154
0.51317316
0.51535827
0.51839864
0.5209875
0.5220616
0.5242017
0.5280272
0.5313993
0.53223825
0.53557783
0.5366162
0.5374451
0.53951055
0.540334
0.5411559
0.5460551
0.55049855
0.5517027
0.55469877
0.5548978
0.5572791
0.55767477
0.55807006
0.5592539
0.55945086
0.5649318
0.56706685
0.5722649
0.57302994
0.57360286
0.57493687
0.5751271
0.580046
0.58061016
0.5813613
0.5828599
0.58304685
0.5841671
0.5863995
0.5871412
0.5886211
0.5891748
0.59649515
0.6004727
0.6035232
0.60405946
0.607619
0.61657596
0.61987007
0.6212503
0.6233131
0.62468344
0.632151
0.6323194
0.6336643
0.6418215
0.643305
0.64445573
0.64658564
0.65000683
0.6517894
0.65211284
0.6532431
0.6545317
0.6564583
0.65661854
0.6567787
0.65725887
0.65789837
0.6586966
0.65933424
0.65965277
0.6606071
0.6612423
0.66409075
0.6642485
0.66440624
0.6651941
0.6666091
0.6673935
0.66786355
0.668646
0.6688023
0.6708303
0.6733151
0.67424375
0.6745529
0.6757877
0.6759418
0.6765579
0.6767118
0.6777878
0.6782482
0.67855495
0.68069685
0.682069
0.6825256
0.6829817
0.68434775
0.6849537
0.6855589
0.68992543
0.69007534
0.6908242
0.6914225
0.6921694
0.6923187
0.694255
0.69440365
0.69455224
0.6952946
0.69588774
0.6960359
0.69677615
0.7000206
0.70192826
0.7020747
0.7023675
0.7025138
0.70514065
0.7052862
0.7060133
0.7065943
0.7067394
0.7074645
0.7076094
0.7078991
0.7086226
0.7099223
0.710643
0.7120814
0.7130859
0.7138022
0.71423155
0.71523196
0.71594536
0.71623045
0.71878934
0.71963954
0.7197811
0.720347
0.72048837
0.7211947
0.7213358
0.722041
0.7223228
0.72246367
0.72330797
0.7237296
0.7240105
0.7252728
0.7261126
0.72667176
0.7272303
0.7279277
0.7290416
0.7300143
0.73015314
0.7312624
0.7320928
0.7322311
0.7325075
0.7336119
0.7338876
0.735539
0.7356764
0.7362256
0.7363628
0.7434498
0.74372053
0.74385583
0.74453187
0.74642026
0.74803364
0.7481679
0.75097907
0.7515129
0.7531112
0.75324416
0.7539086
0.7541741
0.75866854
0.7601147
0.7605085
0.76063967
0.7615571
0.76181895
0.76573163
0.76819533
0.7698747
0.7701326
0.7703904
0.77257675
0.77321815
0.7776873
0.7790845
0.78035164
0.7806047
0.78325516
0.78350693
0.7837586
0.7856424
0.7858931
0.78614366
0.7867696
0.78689474
0.7876448
0.7878946
0.79100776
0.79125607
0.7927436
0.7931149
0.7950909
0.79546064
0.79583013
0.7961994
0.7965684
0.79681426
0.7992671
0.7997564
0.8002453
0.80146563
0.8015875
0.8025617
0.8047475
0.8049899
0.8062001
0.80632097
0.80825156
0.8086128
0.81017566
0.81245214
0.8161471
0.8165034
0.81768954
0.8180449
0.818755
0.8191097
0.8195823
0.81981844
0.8207621
0.8209978
0.82146883
0.82334924
0.8238184
0.82417
0.8269752
0.8273249
0.8281401
0.8288379
0.8303469
0.8316207
0.8333532
0.8343903
0.8354255
0.8369176
0.8370322
0.83817714
0.8389773
0.84023243
0.8414849
0.84159863
0.841826
0.8419397
0.843642
0.8459041
0.84691924
0.84748244
0.8480451
0.84860724
0.84950554
0.8499542
0.852304
0.8535311
0.8539767
0.85453326
0.8552004
0.85564476
0.85619974
0.85885644
0.85951877
0.8607311
0.8624902
0.86358696
0.8640251
0.8650098
0.8665383
0.86751884
0.8692581
0.86936665
0.8712088
0.87131697
0.8717495
0.8739076
0.87487626
0.8749838
0.8754137
0.87584335
0.87605804
0.8768089
0.8771304
0.8774517
0.87990963
0.8805492
0.8809752
0.88108164
0.8812945
0.88257
0.8828885
0.88363093
0.8840548
0.88447833
0.8849016
0.8856416
0.8865917
0.88743496
0.8876456
0.8888028
0.8892231
0.8895381
0.8896431
0.8902725
0.89037734
0.890587
0.89069176
0.8913201
0.89173865
0.89340997
0.89372283
0.8938271
0.8943481
0.89518076
0.89622
0.89653146
0.89943063
0.9029328
0.9049837
0.9064153
0.9068237
0.90876
0.90886176
0.9106903
0.91129863
0.91190636
0.913019
0.9135241
0.91382694
0.91402876
0.9142305
0.9143314
0.9157416
0.91584224
0.9160434
0.9162445
0.91644555
0.91654605
0.9187529
0.9193534
0.9196535
0.9200533
0.9204529
0.9207524
0.921351
0.92145073
0.9216501
0.9217498
0.9223474
0.92264605
0.9238391
0.924137
0.9246332
0.92483157
0.9254263
0.92562443
0.9269107
0.92710835
0.92770094
0.92789835
0.9280957
0.92819434
0.9287859
0.9290815
0.92967224
0.9299674
0.93006575
0.9301641
0.93036073
0.9305573
0.9307538
0.9309503
0.9311467
0.93124485
0.93232375
0.9330094
0.9338898
0.93398756
0.9344761
0.9353545
0.935452
0.9355495
0.9364264
0.9373993
0.9376909
0.9378852
0.93837076
0.9393407
0.9394376
0.939922
0.9405027
0.94059944
0.9412762
0.9413728
0.9419522
0.94243467
0.9425311
0.94407225
0.94416845
0.9443608
0.94522566
0.9453217
0.9458975
0.94628114
0.9466645
0.94704765
0.94762194
0.9477176
0.9482913
0.94943714
0.949914
0.9501999
0.9504857
0.9508666
0.9512472
0.95134234
0.95200783
0.95219785
0.95248276
0.95276755
0.95295733
0.95362115
0.9538107
0.9540002
0.9540949
0.9541896
0.95437896
0.9546629
0.9551359
0.955514
0.9560808
0.9561752
0.9573071
0.95740134
0.9585311
0.95862514
0.9599405
0.960222
0.9605034
0.9606909
0.96181494
0.9619085
0.9626567
0.9633106
0.9638706
0.96396387
0.9643369
0.9646165
0.96489596
0.9650822
0.96526843
0.96591973
0.9661057
0.96675617
0.966849
0.9669419
0.96712756
0.967406
0.9675915
0.96768427
0.96796244
0.9682405
0.96851844
0.96879625
0.96907395
0.96935153
0.96944404
0.969629
0.97009116
0.97082996
0.9713835
0.9715679
0.9717523
0.97202873
0.97230506
0.97258127
0.97285736
0.97304136
0.9732253
0.9737768
0.9742361
0.97460324
0.97552025
0.97634447
0.97689337
0.9769848
0.97707623
0.97725904
0.97771585
0.9779898
0.9788109
0.97899324
0.97926664
0.97953993
0.9798131
0.98099554
0.9811773
0.9812681
0.98135895
0.98235726
0.98290116
0.98308235
0.98498195
0.98534316
0.9859748
0.98615515
0.98633546
0.9866058
0.986786
0.9870562
0.98732626
0.98741627
0.9890342
0.98912394
0.9893932
0.9896623
0.98984164
0.99055856
0.9907377
0.99100626
0.99118525
0.9912747
0.9913642
0.99332935
0.993686
0.9938643
0.9939534
0.9940425
0.9947549
0.9949329
0.99564433
0.9958221
0.9967988
0.99733096
0.9981284
0.998394
0.9984825
0.9995437